import numpy as np

tip_indices = [4, 9, 14, 19, 24]

hand2inspire = np.array([[0, -1, 0, 0],
                         [0, 0, -1, 0],
                         [1, 0, 0, 0],
                         [0, 0, 0, 1]])


hand2right_tool = np.array([[-0.57787044, 0.28480008, 0.76482329, 0],
                      [0.80785522, 0.33271098, 0.48649085, 0],
                      [-0.11591248, 0.89899517, -0.42234108, 0],
                      [0, 0, 0, 1]])
right_position_offset = np.array([0.25,-0.15, -0.34])

hand2left_tool = np.array([[0.0554254, -0.29799913, 0.95295569, 0],
                      [-0.57667192, -0.78869563, -0.21309316, 0],
                      [0.81509357, -0.53773201, -0.21556151, 0],
                      [0, 0, 0, 1]])
left_position_offset = np.array([0.20629909, 0.29125046, -0.27845295])

grd_yup2grd_zup = np.array([[0, 0, -1, 0],
                            [-1, 0, 0, 0],
                            [0, 1, 0, 0],
                            [0, 0, 0, 1]])
