import numpy as np

tip_indices = [4, 9, 14, 19, 24]

hand2inspire = np.array([[0, -1, 0, 0],
                         [0, 0, -1, 0],
                         [1, 0, 0, 0],
                         [0, 0, 0, 1]])


hand2right_tool = np.array([[-0.57787044, 0.28480008, 0.76482329, 0],
                      [0.80785522, 0.33271098, 0.48649085, 0],
                      [-0.11591248, 0.89899517, -0.42234108, 0],
                      [0, 0, 0, 1]])
right_position_offset = np.array([0.25,-0.15, -0.34])

hand2left_tool = np.array([[0.0910704, -0.43416064, 0.89622024, 0],
                      [-0.35932198, -0.85366031, -0.37703021, 0],
                      [0.92875933, -0.28769534, -0.23374664, 0],
                      [0, 0, 0, 1]])
left_position_offset = np.array([0.22009782, 0.1608217, -0.3019335])

grd_yup2grd_zup = np.array([[0, 0, -1, 0],
                            [-1, 0, 0, 0],
                            [0, 1, 0, 0],
                            [0, 0, 0, 1]])
